xq    =10.729153540909838
zq    =56.876181065568062 
mom=  =1634.8860833871370
